22 238 122 31 92 41 176 16 124 78 214 52 60 39 195 99 174 33 149 71 233 164 69 100
22 238 122 31 92 41 176 16 124 78 214 52 60 39 195 99 174 96 141 80 248 164 72 101 90 59 91 139 161 161
22 238 122 31 92 41 176 16 124 78 214 52 60 39 195 99 174 33 132 91 229 172 77 100 74 39 92 128 165 171
22 238 122 31 92 41 176 16 124 78 214 52 60 39 195 99 174 103 138 70 239 173 78 121
22 238 122 31 92 41 176 16 124 78 214 52 60 39 195 99 174 33 135 91 233 160 68 115 4 43 75 156 163 186 117 128
22 238 122 31 92 41 176 16 124 78 214 52 60 39 195 99 174 96 128 70 229 165 72 114 4 57 74 134
22 238 122 31 92 41 176 16 124 78 214 52 60 39 195 99 174 33 149 87 248 174 69 104 90 59 3 142 164 162
22 238 122 31 92 41 176 16 124 78 214 52 60 39 195 99 174 33 151 81 235 166 87 104 76 56 75 157
22 238 122 31 92 41 176 16 124 78 214 52 60 39 195 99 174 119 138 71 255 170 77 114 93 58 74 134 167 252 42 194 201 170 202 253 188 92 17 201 26 96
22 238 122 31 92 41 176 16 124 78 214 52 60 39 195 99 174 102 140 91 237 167 68 101 91 38 88 138
22 238 122 31 92 41 176 16 124 78 214 52 60 39 195 99 174 33 212 78 227 187
22 238 122 31 92 41 176 16 124 78 214 52 60 39 195 99 174 33 137 70 239 243
22 238 122 31 92 41 176 16 124 78 214 52 60 39 195 99 174 113 154 64 226 164 79 50 24 125
22 238 122 31 92 41 176 16 124 78 214 52 60 39 195 99 174 111 140 64 239 187 64 101 89 35 91 156 184 162 111 131
22 238 122 31 92 41 176 16 124 78 214 52 60 39 195 99 174 114 147 91 254 162 71 120
22 238 122 31 92 41 176 16 124 78 214 52 60 39 195 99 174 114 136 77 250 174
22 238 122 31 92 41 176 16 124 78 214 52 60 39 195 99 174 113 154 87 226 170 83 108
22 238 122 31 92 41 176 16 124 78 214 52 60 39 195 99 174 119 138 89
22 238 122 31 92 41 176 16 124 78 214 52 60 39 195 99 174 98 142 85 225 174
22 238 122 31 92 41 176 16 124 78 214 52 60 39 195 99 174 33 148 93 228 185 64 115
22 238 122 31 92 41 176 16 124 78 214 52 60 39 195 99 174 118 138 70 239 184 73 96 91 36
22 238 122 31 92 41 176 16 124 78 214 52 60 39 195 99 174 33 138 90 254 174 77 109 64 37 71 139 173 175 55 147 148 164 200 229 191 64 11 217
22 238 122 31 92 41 176 16 124 78 214 52 60 39 195 99 174 33 128 87 230 174 64 111 76 61
22 238 122 31 92 41 176 16 124 78 214 52 60 39 195 99 174 33 147 80 236 168 83 100 72 59 65 157
22 238 122 31 92 41 176 16 124 78 214 52 60 39 195 99 174 102 138 64 164 162 79 114 93 46 66 131
22 238 122 31 92 41 176 16 124 78 214 52 60 39 195 99 174 33 128 93 254 185 72 121 4 56 65 157 163 189 106 145 152 172
22 238 122 31 92 41 176 16 124 78 214 52 60 39 195 99 174 119 143 87
22 238 122 31 92 41 176 16 124 78 214 52 60 39 195 99 174 33 141 91 238 174 75 114 7 38 64 156 188 175 118 156
