395 19 4 Освея
448 29 4 Россоны
536 36 4 Езерище
347 46 4 Друя
382 44 4 Верхнедвинск
316 60 4 Браслав
358 62 4 Миоры
405 70 4 Дисна
434 70 4 Новополоцк
446 75 4 Полоцк
538 73 4 Городок
595 78 4 Сураж
283 87 4 Видзы
348 89 4 Шарковщина
425 85 4 Ветрино
484 86 4 Оболь
513 94 4 Шумилино
564 90 4 Руба
596 90 4 Яновичи
260 125 4 Лынтупы
299 116 4 Поставы
328 114 4 Воропаево
365 113 5 Глубокое
386 111 4 Подсвилье
435 109 4 Ушачи
483 103 4 Улла
553 100 7 Витебск
500 121 4 Бешенковичи
603 118 4 Лиозно
561 140 4 Богушевск
372 140 4 Докшицы
443 140 4 Лепель
478 143 4 Чашники
521 146 4 Сенно
585 156 4 Ореховск
595 153 4 Осинторф
395 158 4 Бегомль
478 164 4 Новолукомль
522 189 4 Толочин
572 196 4 Копысь
546 182 4 Коханово
575 175 4 Орша
598 167 4 Дубровно
572 180 4 Барань
289 139 5 Нарочь
265 146 4 Свирь
307 143 5 Мядель
333 161 5 Кривичи
464 179 4 Холопеничи
306 185 4 Вилейка
378 190 4 Плещеницы
479 200 4 Крупки
490 197 4 Бобр
302 204 4 Молодечно
381 215 4 Логойск
431 212 4 Борисов
276 230 5 Воложин
334 221 4 Радошковичи
335 237 4 Заславль
400 234 4 Смолевичи
416 226 4 Жодино
429 235 4 Зеленый бор
293 250 5 Ивенец
352 241 11 Минск
469 253 5 Березино
394 266 4 Смиловичи
325 272 4 Дзержинск
320 279 4 Негорелое
383 280 4 Руденск
381 289 4 Правдинский
426 267 4 Червень
404 289 4 Марьина Горка
292 296 4 Столбцы
331 295 5 Узда
278 313 4 Городея
288 321 5 Несвиж
323 330 4 Копыль
286 339 4 Клецк
358 342 5 Слуцк
416 340 4 Старые Дороги
386 351 4 Уречье
329 361 5 Красная Слобода
359 368 4 Солигорск
396 366 4 Любань
353 374 4 Старобин
230 172 4 Островец
267 186 4 Сморгонь
230 192 4 Ошмяны
182 222 4 Вороново
156 233 4 Радунь
229 236 4 Юратишки
178 250 4 Лида
216 246 4 Ивье
49 255 4 Сопоцкин
117 268 4 Острына
195 270 4 Березовка
237 266 4 Любча
57 270 7 Гродно
134 282 4 Щучин
95 283 4 Скидель
153 283 4 Желудок
221 283 4 Новогрудок
245 286 4 Кореличи
117 301 4 Мосты
187 297 4 Дятлово
200 296 4 Новоельня
272 297 4 Мир
106 315 4 Россь
109 320 4 Красносельский
74 325 4 Большая Берестовица
176 312 4 Козловщина
109 329 4 Волковыск
138 330 4 Зельва
179 337 4 Слоним
81 343 4 Свислочь
100 353 4 Порозово
531 205 4 Круглое
570 209 4 Шклов
623 197 4 Горки
634 214 4 Дирибин
683 223 4 Мстиславль
526 233 4 Белыничи
575 239 7 Могилев
627 250 4 Чаусы
685 252 4 Кричев
661 272 4 Чериков
706 266 4 Климовичи
452 284 4 Елизово
500 289 4 Кличев
571 283 4 Быхов
632 287 4 Славгород
664 298 4 Краснополье
717 294 4 Костюковичи
758 284 4 Хотимск
444 313 4 Осиповичи
460 315 4 Татарка
512 312 4 Кировск
463 334 4 Глуша
450 356 4 Глуск
237 312 4 Городище
236 332 4 Барановичи
256 342 4 Ляховичи
145 362 4 Ружаны
166 373 4 Коссово
182 377 4 Иванцевичи
270 374 4 Ганцевичи
88 393 4 Шерешево
108 394 4 Пружаны
151 396 4 Береза
221 398 4 Телеханы
20 413 4 Высокое
56 410 4 Каменец
167 404 4 Белоозерск
233 419 4 Логишин
301 427 4 Лунинец
355 430 4 Микашевичи
44 442 6 Брест
70 432 4 Жабинка
99 431 4 Кобрин
135 434 4 Антополь
163 434 4 Дрогичин
196 441 4 Иваново
242 441 5 Пинск
334 449 4 Давид-Городок
74 476 4 Малорита
303 468 5 Столин
36 483 4 Домачево
35 500 4 Томашовка
618 323 4 Корма
559 331 4 Рогачев
588 345 4 Белицк
630 347 4 Чечерск
560 352 4 Жлобин
509 363 4 Паричи
603 368 4 Буда-Кошелево
468 382 4 Октябрьский
537 381 4 Светлогорск
566 370 4 Стрешин
616 381 4 Уваровичи
630 384 4 Большевик
655 383 4 Ветка
635 388 4 Костюковка
526 394 4 Сосновый Бор
499 400 4 Озаричи
568 403 4 Заречье
593 408 4 Речица
639 395 7 Гомель
666 400 4 Добруш
462 418 4 Копаткевичи
546 422 4 Василевичи
677 421 4 Тереховка
387 429 4 Житковичи
438 439 4 Петриков
506 435 4 Калинковичи
500 445 4 Мозырь
376 446 4 Туров
560 461 4 Хойники
625 452 4 Лоев
425 477 4 Лельчицы
494 472 4 Ельск
522 473 4 Наровля
583 472 4 Брагин
610 508 4 Комарин
